  Origins   | Flows 
------------+-------
  677684197 | 64649
  677684165 | 64454
  677684205 | 63211
  677738757 | 62999
  677684213 | 61777
  878719821 | 61703
  878719797 | 60799
  878815781 | 59096
  878719805 | 57762
  677729221 | 57321
  878806901 | 57046
  677728437 | 56780
  878719749 | 56672
  878812021 | 56499
  878812837 | 56379
  677738789 | 56242
  878719813 | 56006
  677738773 | 55962
  677729045 | 55609
  677728661 | 55568
  878811349 | 55373
  677728837 | 55371
  677728261 | 55253
  878719781 | 55069
  677684221 | 54942
  677728677 | 54906
  677712421 | 54731
  677728453 | 54691
  878719789 | 54509
  878719773 | 54399
  878818245 | 53956
  677684173 | 53662
  878817317 | 53548
  878719765 | 53533
  677728645 | 53438
  878809093 | 53217
  677712405 | 53013
  878817285 | 52938
  878819269 | 52922
  878809269 | 52602
  677728277 | 52363
  677684189 | 51411
  677684181 | 51260
  878719757 | 49596
  878719861 | 47563
  878813957 | 45972
  878719989 | 45693
  677684053 | 45045
  677683781 | 44627
  677684029 | 44482
  878719909 | 44284
  677710965 | 44145
  677712629 | 43772
  677712789 | 43555
  677712805 | 43227
  677712613 | 43157
  677710901 | 42996
  878719925 | 42947
  677740581 | 42803
  677710853 | 42198
  878719957 | 42122
  878719941 | 41822
  878720165 | 41763
  677710949 | 41744
  677710981 | 41698
  677684005 | 41610
  878720109 | 41518
  677710917 | 41469
  677710933 | 41214
  677740613 | 41211
  677740757 | 40889
  878720237 | 40823
  878719965 | 40807
  677683805 | 40659
  878719557 | 40360
  677683749 | 40306
  878719981 | 40047
  677683941 | 39791
  677740789 | 39703
  878719885 | 39674
  878719565 | 39341
  878720189 | 39280
  878720149 | 39212
  878719901 | 39208
  677683989 | 38977
  677684037 | 38977
  677683797 | 38955
  878847269 | 38937
  677683981 | 38932
  878719933 | 38761
  878719949 | 38617
  677683877 | 38578
  677683813 | 38538
  677684021 | 38405
  677710869 | 38279
  878720157 | 38246
  677683973 | 38221
  677740797 | 38121
  878719613 | 38081
  878719973 | 38063
  878720117 | 37946
  878859717 | 37928
  677683933 | 37897
  677740629 | 37894
  878719893 | 37815
  878719917 | 37814
  677710885 | 37552
  677740877 | 37253
  878720197 | 37239
  878719997 | 37130
  878720125 | 37038
  677684045 | 36922
  677683965 | 36907
  677683949 | 36870
  677683821 | 36780
  677683765 | 36659
  878719869 | 36598
  677683925 | 36514
  677642869 | 36490
  677740861 | 36381
  677740805 | 36372
  677740869 | 36325
  677740597 | 36298
  677740669 | 36247
  677740693 | 36040
  677740781 | 36004
  677683997 | 35820
  878848069 | 35816
  677642837 | 35764
  878720245 | 35652
  878720061 | 35589
  677683845 | 35268
  677683757 | 35262
  878720029 | 35087
  878720221 | 34988
  677683773 | 34933
  878720205 | 34906
  878720141 | 34817
  677683853 | 34730
  677656261 | 34503
  677683837 | 34490
  677740837 | 34367
  677642853 | 34228
  677683829 | 34177
  677683861 | 34158
  878720013 | 34157
  677683789 | 33928
  677740653 | 33842
  677740685 | 33840
  878720069 | 33817
  677740637 | 33783
  677683869 | 33630
  878720005 | 33611
  677740605 | 33359
  677656101 | 33339
  878720093 | 33317
  677656069 | 33316
  677740813 | 33251
  677740661 | 33222
  878719605 | 33136
  677683957 | 33131
  878857573 | 33072
  878720229 | 33020
  677656293 | 32914
  878719877 | 32826
  677656277 | 32666
  677656085 | 32615
  878720053 | 32602
  677740621 | 32518
  677684013 | 32283
  878720101 | 32263
  677740765 | 32051
  677740709 | 31713
  878720045 | 31518
  878720037 | 31473
  677740829 | 31424
  878720181 | 31365
  677740589 | 31349
  677740853 | 31246
  677740645 | 31195
  878720173 | 31051
  878720253 | 30722
  878720213 | 30627
  878720085 | 30480
  677740773 | 30146
  878720077 | 29763
  677740821 | 29364
  677740677 | 29236
  878720021 | 29155
  677656309 | 29013
  878720133 | 28309
  677740885 | 27728
  677740845 | 26051
  878848709 | 25975
  677740701 | 23409
 3633569392 | 16771
 2292146227 | 14564
  887367910 | 11755
 3108894723 | 11746
 1613988490 | 11220
  763437334 | 10012
 1755147716 |  8272
 3091234563 |  8146
 2960225272 |  7324
 3363603233 |  7176
 1259164390 |  7033
 3363603261 |  7007
 3363603240 |  6904
  887957266 |  6793
 3114027331 |  6660
 3114027329 |  6586
  878724357 |  6096
 1137928589 |  5793
   87971361 |  5672
  878710709 |  5568
  878729333 |  5441
  677494277 |  5397
 1583755679 |  5395
  878715061 |  5192
  878709173 |  5172
  677493765 |  5144
  878723205 |  5124
  878729189 |  5124
  878729221 |  5109
 1583756345 |  5087
  878729173 |  5083
 1315203738 |  5043
  677494005 |  5012
  878715829 |  5006
  677494293 |  4994
  878715221 |  4983
  878729285 |  4979
  878711637 |  4974
  878716501 |  4941
 3239830700 |  4939
  878722789 |  4937
  677493989 |  4925
  878715653 |  4914
  878708997 |  4910
  878729253 |  4880
  878729301 |  4849
  764494432 |  4750
  878729237 |  4700
  878718117 |  4696
  878717173 |  4671
  878724853 |  4646
 2430143207 |  4642
  878729205 |  4612
  878724405 |  4593
  878729157 |  4591
  878729269 |  4564
  878714885 |  4560
 3363609331 |  4558
 3363609327 |  4509
  878710533 |  4423
  878721637 |  4403
  763802425 |  4227
  878729317 |  3975
 2172664922 |  3915
 2310690153 |  3800
 3091365313 |  3778
 3567651463 |  3731
 1179481916 |  3725
 3567651464 |  3717
 3567651471 |  3687
 3275138744 |  3507
 3275138740 |  3504
 3275138742 |  3498
 3256490341 |  3258
 3091234012 |  3212
 2919297745 |  3115
 3332784801 |  3085
 1162831893 |  3074
 1162832401 |  3048
  763437463 |  2934
 1089055993 |  2894
 3275138743 |  2860
 1089055997 |  2837
 3256491378 |  2779
 2731590500 |  2740
 1089055995 |  2713
 3275138741 |  2660
  878820677 |  2654
 2919278498 |  2610
  878820709 |  2608
 2310682983 |  2590
  763802470 |  2439
 3106343449 |  2428
  843234206 |  2391
  878820421 |  2386
 3091213673 |  2385
  843125906 |  2382
  406876334 |  2349
 1150421874 |  2289
 2919301093 |  2282
 3256490340 |  2242
  406874532 |  2166
 3256491430 |  2160
  763437361 |  2112
 2919297639 |  2050
  407013966 |  2031
 2386278051 |  2008
  763802466 |  1999
 3091252318 |  1999
 1179232606 |  1929
 3363609330 |  1912
 1541763080 |  1876
  843202700 |  1832
 2919414970 |  1823
  843220892 |  1792
 1150507762 |  1777
 1150348975 |  1769
 1551246645 |  1752
 2205137229 |  1751
 1268750774 |  1749
  677486597 |  1719
 1179508443 |  1708
  406912411 |  1707
 1807630750 |  1703
 3256490406 |  1681
  677475413 |  1656
 1551246647 |  1652
  401359895 |  1608
 3628252176 |  1587
 2728202638 |  1586
 1150504494 |  1570
 2919299686 |  1562
 2260660867 |  1527
 2310682969 |  1508
  406892244 |  1506
  677487765 |  1504
 1179513278 |  1461
  843223953 |  1456
  878727077 |  1447
  406890701 |  1433
 3091204670 |  1430
 3091227805 |  1426
 1150519124 |  1390
 1614012989 |  1387
  878727045 |  1382
  878723749 |  1377
 1179470895 |  1375
 3091228024 |  1368
  878727061 |  1355
 1150475495 |  1348
 3325074637 |  1346
 1758323875 |  1344
  386995757 |  1341
 2919298356 |  1338
  878726245 |  1335
  677483749 |  1330
 1150507254 |  1327
  878727109 |  1325
  878726917 |  1322
 2919296294 |  1321
  407013734 |  1319
 1121882457 |  1313
  677486901 |  1309
  878726949 |  1309
  386991492 |  1307
  878727093 |  1307
 2386251383 |  1306
  677485685 |  1305
 3256491347 |  1299
 3256491346 |  1288
 1179359938 |  1283
  878727141 |  1280
  878725429 |  1277
  878726997 |  1276
 1179229475 |  1273
  878726965 |  1266
  878727013 |  1266
  387009128 |  1265
  878726933 |  1255
  878727029 |  1254
 1150487103 |  1247
 1268472902 |  1247
 1268550511 |  1246
 2926833040 |  1244
 3256490320 |  1241
 3256490321 |  1240
  878726981 |  1239
 3636064389 |  1232
 2386259862 |  1230
  677478597 |  1228
 1268479303 |  1221
  677484949 |  1207
 1823282422 |  1202
  878727125 |  1198
 1150391923 |  1196
 1476086314 |  1188
  878723301 |  1187
 1150310892 |  1185
 3091211302 |  1179
 1823330263 |  1171
 3091249252 |  1164
 1179453128 |  1158
 3325408350 |  1158
 3091232993 |  1156
 1268764573 |  1151
 3256490360 |  1145
 3256490362 |  1144
  406891542 |  1143
 1268723129 |  1142
 1268689409 |  1142
 2919299492 |  1140
  677729493 |  1137
 3256490280 |  1132
 1268724147 |  1130
 3091234238 |  1130
 1268749188 |  1128
 2918107757 |  1124
 1476086520 |  1123
 3256490359 |  1122
  387009102 |  1121
 1179344248 |  1118
 3256491344 |  1106
 1150351304 |  1096
 1150350577 |  1083
 2394156124 |  1082
 3256490281 |  1082
 3091232912 |  1082
 1179452579 |  1080
 3332787992 |  1076
 1613988488 |  1072
  386995017 |  1055
  844982398 |  1054
 1823298672 |  1045
 2919278410 |  1045
  764236945 |  1034
 1476086524 |  1032
 2728257183 |  1032
  843232233 |  1029
 2728230263 |  1016
 3512419034 |  1014
 1268698298 |  1014
 3487845894 |  1009
 1150425364 |  1006
  878831829 |  1004
 1179179121 |   996
 2919249668 |   992
 1150296359 |   990
 1995475186 |   987
 1179515697 |   985
  878831813 |   982
 1807630480 |   975
 1150476103 |   958
 1150372154 |   950
  764494400 |   946
 1823326360 |   946
  406877281 |   939
 1268647196 |   935
 1179173367 |   933
 3091232809 |   933
 1476086315 |   931
 1089055964 |   925
 3435116578 |   921
 1507044286 |   916
  878819989 |   916
  764236894 |   915
  844957637 |   911
  845401488 |   909
 3256491345 |   904
 1179206608 |   902
  844985332 |   901
 1179467908 |   901
 1150487232 |   900
  843207979 |   895
 1179472041 |   887
 1150371057 |   887
  407009914 |   882
 3346952365 |   882
 1613995438 |   881
  387050206 |   878
  416586366 |   878
 1268673971 |   877
 3091211534 |   876
 1179093756 |   875
 1089055962 |   874
  845355616 |   872
 1150419111 |   872
 1121886343 |   869
 1823313654 |   868
 2919300564 |   868
 2914491616 |   867
 1268553839 |   866
  628246772 |   860
  844973326 |   860
 1089055960 |   857
 1150492538 |   855
 2919283619 |   855
  677453501 |   854
 1179233528 |   851
 1150297211 |   849
  406909274 |   846
 2892479739 |   843
  387006385 |   841
  677720741 |   838
 3091233503 |   835
  878819957 |   832
 1179457517 |   831
  763915633 |   828
 1150472782 |   828
  406879086 |   826
 3325408755 |   826
 1268511986 |   826
 3113863164 |   823
 1230686408 |   821
 1150350083 |   819
 2728232631 |   819
 1150444232 |   816
 2097962294 |   811
 1179369644 |   811
 1179250151 |   810
 1179506861 |   810
 2919300394 |   809
  845389648 |   804
 2809311885 |   796
 1150297219 |   794
 1268724987 |   792
 3091233681 |   788
  677715477 |   788
 1268766158 |   786
 3091233734 |   784
  407004848 |   779
 1268647242 |   778
 1150485375 |   776
  677390581 |   775
 3275137079 |   772
  677720389 |   772
 3332788142 |   771
 1179217968 |   770
 1235637063 |   770
 1509468045 |   770
  406979781 |   767
  677720981 |   765
  844917883 |   763
 2728228113 |   761
 1268750639 |   760
 3107519657 |   760
 1398871075 |   759
 2919296271 |   754
 1179167354 |   751
 2310699750 |   748
 3091250893 |   747
 1150425136 |   746
  677724581 |   744
  677729301 |   743
  677720165 |   742
  677740149 |   740
 1168679075 |   740
  843223013 |   739
  677721045 |   738
 1476086313 |   738
 1179356539 |   737
 1613997308 |   736
 1614018065 |   735
 3332788030 |   730
  406891073 |   730
  677740389 |   728
 1121880728 |   728
  628246777 |   727
 2919300566 |   726
 1121880529 |   724
  843231773 |   724
  677720133 |   721
  677720581 |   720
  677720773 |   716
 1613998248 |   716
 1150462479 |   712
 1613991715 |   712
  677715845 |   710
 1179353898 |   710
  628246675 |   709
  677715701 |   708
 1542485508 |   707
 2386239213 |   706
  763915761 |   704
 1213425508 |   704
  677720997 |   701
  677740245 |   701
 1315258671 |   698
 3332789089 |   698
 1150505503 |   698
 1268751377 |   696
 1823286742 |   696
 1178681586 |   695
 3325406666 |   695
 1179180253 |   694
  677715685 |   693
 1150489173 |   693
  677740373 |   692
 1542485516 |   692
 2386279308 |   692
 1758279044 |   691
  407395053 |   690
  677721029 |   690
 3113862432 |   690
  406214825 |   689
  677729285 |   689
 1571708331 |   688
  677715141 |   687
  677720405 |   687
 2310678802 |   686
  406891641 |   685
 1150423655 |   682
  407010884 |   680
  137039578 |   679
 1150485543 |   679
 1179192518 |   679
 1315839505 |   678
 1150488745 |   677
 1179231526 |   675
 2900074091 |   675
  677724645 |   675
 1179458792 |   671
 2061767503 |   669
  763437453 |   668
 3332796361 |   668
  677720789 |   667
 1755122806 |   666
  845354582 |   665
 1315290594 |   665
  677720949 |   664
  677724629 |   663
 1761202953 |   663
 1150492574 |   663
  677740229 |   662
  677721013 |   662
 1179232761 |   662
  677715125 |   661
 1150490995 |   660
 2386232264 |   660
  763437461 |   659
 1150496150 |   657
 2919294842 |   656
 1268751362 |   653
  677720965 |   652
  763437460 |   652
 1150424692 |   650
  677740165 |   649
 1179225119 |   649
  407009555 |   648
  407014844 |   648
  632959774 |   648
 1179211042 |   647
 2919298894 |   644
  677724565 |   640
  406891276 |   639
 1179232511 |   638
 2919297844 |   638
 3487846065 |   636
 3091252575 |   636
 3325416494 |   635
 1179175099 |   635
  677724549 |   633
  677724613 |   633
 1150553734 |   632
 2919240326 |   632
 3487846066 |   631
  407012381 |   630
 1150449691 |   630
 2960225276 |   630
 1178723883 |   629
 1179231375 |   629
  845400322 |   628
  866192615 |   628
  677729509 |   627
 1150505574 |   627
  677729525 |   625
  845384733 |   623
 1150388887 |   622
 3487846086 |   622
  763437457 |   622
 2919283105 |   621
 1150419685 |   619
 1509469269 |   619
 3275137045 |   619
  763437456 |   617
  843225611 |   612
 1150505071 |   612
  677646629 |   611
 1179166261 |   611
  878862053 |   609
 1179460974 |   608
 3114027318 |   606
 3461027271 |   604
 2762399511 |   603
  763437363 |   602
 1613419841 |   602
 1179510289 |   600
 1150464116 |   599
 1571708186 |   596
  763437459 |   595
 3496143376 |   595
 1398829522 |   593
 1150504776 |   593
  878861989 |   592
 3332784481 |   590
 1179334784 |   590
 1179173556 |   587
 1042190149 |   586
 1268646915 |   585
  677646853 |   582
  677646597 |   582
  878861973 |   582
  677720421 |   581
 3396873553 |   581
  878862021 |   580
 2919297669 |   580
 3582097846 |   580
  406877881 |   579
  763915821 |   579
 3115326298 |   579
 3325075707 |   579
 2919277677 |   578
 3332785248 |   577
 3332499049 |   575
 1179222588 |   574
  764236899 |   573
 2900033710 |   573
 3746015141 |   572
 1476086318 |   571
  387004338 |   566
  677740261 |   565
  677720149 |   564
  677646613 |   560
 1547682819 |   559
 2919300602 |   558
 1268698493 |   557
 1758312280 |   557
  677646789 |   556
 1613996059 |   556
  878861957 |   554
  764585129 |   553
  406898121 |   552
  878862005 |   552
 2386238819 |   551
 3492164706 |   551
  677646869 |   550
 1150351726 |   549
  406878075 |   548
 1268458619 |   548
 3091234038 |   547
  677720757 |   544
  763437336 |   544
 1150455101 |   543
 1179174058 |   542
 1179176084 |   542
 1178707881 |   541
  878862037 |   539
 1268698751 |   539
 1613990569 |   538
 1179460137 |   537
 3487846050 |   536
 3487846140 |   535
  845356001 |   534
 2395422860 |   533
 2728238316 |   533
 3091228186 |   532
 2900078087 |   530
 2919299539 |   529
 1179249995 |   528
 1179248235 |   528
  843604151 |   526
 1179179231 |   526
 1758326116 |   525
  845357389 |   523
  406888736 |   521
 2386250926 |   521
 1150461156 |   520
 1268458394 |   520
  763437455 |   519
 1268559106 |   519
 3091232358 |   518
 1571708232 |   518
 3115326250 |   518
  763437320 |   518
 1613989651 |   517
 2386232439 |   517
   85796976 |   517
 3256491476 |   516
 3325371233 |   515
 1583755632 |   514
  763437325 |   513
 1150457877 |   513
  763437327 |   513
 1476086319 |   512
 2919278849 |   512
  763437324 |   511
 3091257852 |   511
 1613987981 |   510
 2914498346 |   509
 1150507776 |   508
 1179230762 |   508
  764236815 |   507
 1150457947 |   505
 1179513303 |   505
 1268647772 |   505
  844986841 |   504
  878809813 |   504
 1179250238 |   504
 1150387344 |   504
 1150375735 |   503
 2892496415 |   503
 1179474156 |   502
 1115877758 |   501
 1583756049 |   501
 3091210253 |   501
  677687189 |   500
  878806405 |   500
 1317040426 |   500
  677686789 |   499
 1179354438 |   499
 1509468201 |   499
  677686821 |   498
  843229694 |   498
  406876677 |   497
  878806485 |   497
 1755134477 |   496
 3115326234 |   496
 3256491474 |   496
 3091229759 |   495
 2338583387 |   495
 3113863057 |   495
  763437321 |   495
 1150417025 |   494
 1613995443 |   494
 3091209861 |   493
  757881053 |   492
 1179360861 |   492
  878716933 |   491
  843329133 |   490
 2919294294 |   490
 1179515839 |   489
  677484341 |   488
  878814613 |   488
 2394131264 |   488
 3428025223 |   487
  878721661 |   486
  878809797 |   486
  878818277 |   486
 1179358925 |   486
 1179478199 |   486
  878711893 |   484
 1613994592 |   484
 3091228812 |   484
  878711477 |   483
 1268552373 |   483
 2395422790 |   483
  407007033 |   482
  387001638 |   481
 1507061194 |   481
 1150490434 |   478
 1613992531 |   478
 2960225167 |   478
  845357720 |   476
 2919295101 |   475
 3325075674 |   475
 1268466544 |   475
 1179228438 |   474
 1268751424 |   474
 2395422863 |   474
 1121902794 |   474
  878809781 |   473
  878806501 |   473
 3091205043 |   472
  878724741 |   471
 1823287223 |   471
 1150487887 |   471
 2919299055 |   471
 2449870603 |   470
 2713248895 |   470
  677686805 |   470
 1268739661 |   469
 2728243738 |   469
  878716021 |   468
  878818293 |   466
 1268725811 |   466
 1823288605 |   466
 1509466305 |   465
 3346962745 |   465
 3115326310 |   464
 3487845905 |   464
  878718533 |   464
 3332771404 |   464
 1179178656 |   463
  407097621 |   462
 2919290390 |   462
 3452862953 |   462
  878806469 |   461
  878809829 |   461
 1150312649 |   461
  878806517 |   461
  878809765 |   460
 3487846104 |   460
 3495871987 |   460
 1150340364 |   460
  878720965 |   459
 1150429187 |   459
 1150490636 |   459
  407013974 |   458
  878723813 |   457
 1179503636 |   457
 2728244962 |   457
 3325388108 |   457
 3346933146 |   457
 3325374125 |   457
  878809733 |   456
 1613992204 |   456
  844956541 |   455
 3091204735 |   455
 2900077701 |   455
 1268751433 |   455
 1758311269 |   455
  407394476 |   454
  677502837 |   454
 3428031321 |   454
  878805493 |   453
 1179347919 |   453
  878809749 |   452
  677479877 |   452
 2919295350 |   452
  677686997 |   451
 1613991941 |   451
  878709365 |   451
 1150422391 |   451
 3512319307 |   451
  677687013 |   450
 1150506870 |   450
 1268698496 |   450
 1150390101 |   448
 1268684777 |   448
  878722021 |   447
  878805477 |   447
 3325419098 |   447
  843229745 |   446
 1571708391 |   445
 2728244709 |   445
 1179516645 |   444
 1296324300 |   444
 1179166726 |   444
  878806421 |   443
 1268724268 |   443
 3256491374 |   442
  222714332 |   441
  878805317 |   441
 1150365913 |   441
 1179231917 |   441
 2960225168 |   441
 3115326222 |   440
 1150489612 |   440
  677686981 |   439
 1268671919 |   439
  845403251 |   438
 1613989165 |   438
 3115277582 |   438
 1150391368 |   436
 1179231541 |   436
  764236910 |   435
  878716837 |   435
 1150505073 |   435
 2310683456 |   435
 3487846011 |   435
  878712309 |   435
 1150348340 |   434
  878806437 |   433
  878711301 |   432
  866208052 |   432
 1121900698 |   432
 1150422152 |   431
  878724421 |   431
 2310691731 |   430
 2914496148 |   430
  757883497 |   429
 1179175587 |   429
  386996042 |   429
 1179503203 |   429
  387054517 |   429
  878806453 |   428
 1571708187 |   428
 1178696315 |   428
 3519893424 |   428
 1442856919 |   427
 3115326238 |   427
 2900074418 |   426
 3582097849 |   426
 3487846105 |   426
 1613993439 |   426
 3485327701 |   426
  843204332 |   425
 1150301066 |   425
  407011860 |   425
 1150598461 |   424
 1613990011 |   423
 2386279025 |   423
 3256491477 |   423
  878707589 |   422
