1577862355.428243
1577862355.480302
1577862355.573726
1577862355.619086
1577862355.992245
1577862356.455491
1577862356.683491
1577862356.724121
1577862356.726268
1577862356.772035
1577862356.773026
1577862356.774895
1577862356.814285
1577862356.898380
1577862357.109529
1577862357.160580
1577862357.426960
1577862359.691062
1577862361.187660
1577862375.567149
1577862389.406654
1577862430.376754
1577862517.005569
1577862604.379132
1577862641.955268
1577862678.607376
1577862753.721913
1577862782.567528
1577862883.961673
1577863017.098540
1577863060.516953
1577863145.962339
1577863171.510471
1577863263.535540
1577863473.281037
1577863813.197817
1577863924.992964
1577863952.395002
1577864256.325942
1577864266.439856
1577864418.034354
1577864570.257355
1577864709.170631
1577864736.177554
1577864740.970335
1577864910.759331
1577864951.856172
1577865018.263071
1577865200.389748
1577865222.055332
1577865224.072169
1577865516.409371
1577865524.337251
1577865618.820006
1577865667.584189
1577865754.852024
1577865833.595492
1577865943.910393
1577865965.612578
1577866551.092833
1577866584.058523
1577866745.404409
1577866842.243199
1577867224.229175
1577867364.593273
1577867375.177666
1577867479.373470
1577867487.961638
1577867773.561568
1577867868.461382
1577867975.492846
1577867976.139437
1577868058.935441
1577868087.992536
1577868149.280617
1577868492.848029
1577868725.127214
1577868733.885616
1577868953.414222
1577868975.211901
1577869089.589245
1577869379.924274
1577869434.610725
1577869562.904011
1577869791.527435
1577869845.188281
1577869851.131316
1577869860.628264
1577870040.004288
1577870203.331788
1577870208.995777
1577870227.736079
1577870253.272085
1577870361.290122
1577870506.928534
1577871084
1577871084.619156
1577871116.805711
1577871216.901208
1577871269.167798
1577871655.208549
1577871923.213002
1577871970.164567
1577872170.754057
1577872227.080418
1577873001.031795
1577873155.727318
1577873155.868218
1577873155.984801
1577873156.231023
1577873156.231779
1577873156.234792
1577873156.237676
1577873156.257417
1577873156.277515
1577873159.607681
1577873160.056866
1577873160.063173
1577873161.716207
1577873200.323711
1577873456.475139
1577873513.552950
1577873516.230471
1577873547.448336
1577873567.147201
1577873701.973015
1577873748.022520
1577873939.732492
1577874066.493620
1577874288.866118
1577874372.470813
1577874398.288929
1577874459.892806
1577874500.764461
1577874732.646355
1577874760.529274
1577874767.652296
1577874847.619502
1577874882.720483
1577875194.840063
1577875598.145225
1577875662.028649
1577876136.102584
1577876377.200880
1577876447.521709
1577876589.872755
1577876763.486761
1577877429.904727
1577877497.237236
1577877594.667173
1577877726.796450
1577877874.735956
1577878139.932723
1577878626.021168
1577878690.778787
1577878828.762197
1577878836.955638
1577878938.508796
1577879491.592283
1577879671.848181
1577879815.856824
1577880342.447376
1577880370.284386
1577880990.662174
1577881572.686924
1577881792.722522
1577881973.251449
1577883955.000595
1577883956.111141
1577883956.818649
1577883956.821116
1577883956.832344
1577883956.913572
1577883957.382939
1577883960.782697
1577884054.311542
1577884132.396614
1577884178.882556
1577884334.791478
1577884437.324831
1577884809.647018
1577885261.167157
1577886293.154331
1577886463.955725
1577886645.779426
1577886836.595824
1577886852.410576
1577887596.299732
1577888731.554314
1577888948.352645
1577889194.587268
1577891198.644203
1577892255.533342
1577892465.049443
1577894528.730662
1577894753.483435
1577894753.484517
1577894753.759091
1577894753.771978
1577894756.509496
1577894756.594144
1577894756.888879
1577894756.959041
1577894756.968002
1577894757.008781
1577894758.951500
1577894761.460621
1577894770.224687
1577894794.171173
1577894949.990200
1577895322.115565
1577895470.355191
1577895480.132256
1577895565.544475
1577895839.824306
1577895970.443084
1577895977.106782
1577896306.047745
1577896322.084533
1577896353.187191
1577896500.603099
1577896520.452329
1577896585.015994
1577896673.618622
1577897089.367102
1577897202.141424
1577897355.084011
1577897620.685513
1577897952.076317
1577897958.716193
1577898210.675442
1577898304.111309
1577898472.846013
1577898742.595012
1577898771.678204
1577899115.706630
1577899188.553035
1577899489.699487
1577899520.510558
1577899570.722540
1577899589.882109
1577899643.289811
1577899888.119059
1577899962.668488
1577899963.866446
1577900022.312943
1577900154.965445
1577900332.673816
1577900532.396073
1577900604.724738
1577900852.874768
1577900860.394597
1577901084.089858
1577901088.643993
1577901183.184700
1577901296.363993
1577901635.521696
1577901654.769351
1577901778.497017
1577902085.148307
1577902171.484422
1577902212.853673
1577902291.091691
1577902295.590920
1577902305.386440
1577902413.422025
1577902679.026289
1577902863.568639
1577902866.088437
1577902937.555767
1577903610.573221
1577903910.943310
1577903946.506467
1577904527.835976
1577904907.574650
1577905059.020133
1577905550.951265
1577905551.539913
1577905551.895250
1577905553.047907
1577905553.071692
1577905553.078479
1577905553.078922
1577905553.084758
1577905553.107466
1577905553.136149
1577905553.176740
1577905553.226255
1577905553.378516
1577905555.246125
1577905558.331167
1577905578.601955
1577905714.196149
1577905826.913688
1577905873.997048
1577905943.224839
1577905998.152457
1577906054.469185
1577906058.483270
1577906157.226009
1577906357.375959
1577906386.065154
1577906423.292610
1577906439.920353
1577906657.150453
1577906787.379242
1577906802.730687
1577907094.280848
1577907094.703814
1577907336.336913
1577907409.235745
1577907589.862346
1577907636.035175
1577907696.625673
1577907822.041818
1577907973.464897
1577908108.116128
1577908410.383166
1577908528.653968
1577908569.026394
1577908699.594596
1577908731.605156
1577908821.959504
1577909024.507932
1577909038.105397
1577909045.184245
1577909123.139159
1577909140.871636
1577909176.266284
1577909184.397467
1577909226.054203
1577909246.046239
1577909335.235756
1577909363.556797
1577909423.610740
1577909424.174419
1577909509.656033
1577909615.362890
1577909751.400763
1577909778.818081
1577909797.195433
1577909817.659203
1577910032.057732
1577910160.636634
1577910172.517029
1577910201.027476
1577910248.234533
1577910302.763341
1577910331.852456
1577910427.063890
1577910524.179838
1577910529.384028
1577910535.959866
1577910653.187413
1577910712.611460
1577910735.069126
1577910824.554933
1577910909.446175
1577911105.397392
1577911111.384138
1577911516.072917
1577911567.203023
1577911714.988639
1577911715.766467
1577911716.133666
1577911933.797502
1577912154.266289
1577912638.181012
1577912660.684745
1577912825.734437
1577912934.738723
1577912968.006361
1577913369.542044
1577913382.358533
1577913844.314613
1577914211.554792
1577914270.626229
1577914284.959769
1577914308.836228
1577914479.043888
1577914496.817381
1577914631.725921
1577914683.985861
1577914755.679511
1577914834.120771
1577914946.603926
1577915048.576118
1577915096.573107
1577915280.974564
1577916355.548511
1577916357.334411
1577916357.594075
1577916357.702365
1577916357.806507
1577916357.813443
1577916357.840368
1577916357.895164
1577916357.977859
1577916358.897280
1577916359.413034
1577916422.407623
1577916506.627224
1577916566.602895
1577916630.782353
1577916782.467943
1577916877.359354
1577916882.391193
1577916917.912123
1577916941.054903
1577917063.386705
1577917075.925038
1577917141.066259
1577917212.176141
1577917220.331201
1577917372.137359
1577917441.267882
1577917450.856296
1577917528.297729
1577917998.596722
1577918128.400942
1577918866.410984
1577918909.492821
1577919005.800887
1577919204.005770
1577919851.266196
1577919876.306136
1577919901.324130
1577919924.561928
1577919955.251050
1577919983.472252
1577920543.817369
1577920946.446290
1577921100.514114
1577921316.985667
1577921580.572475
1577921592.143408
1577921709.793731
1577921941.097220
1577922013.613825
1577922187.142177
1577922385.513825
1577922387.011781
1577922474.952812
1577922735.115970
1577922830.051067
1577923212.176737
1577923483.012253
1577923509.559016
1577923569.294981
1577923591.008984
1577923930.768063
1577924065.068984
1577924066.686589
1577924390.265297
1577924397.835911
1577924636.713091
1577925397.341160
1577925621.602252
1577925652.651896
1577925744.117711
1577926148.057860
1577926640.277831
1577927154.550080
1577927154.566670
1577927156.801448
1577927157.044799
1577927157.080074
1577927157.248453
1577927157.437638
1577927163.790111
1577927164.370707
1577927167.523890
1577927184.401487
1577927846.513248
1577928036.553122
1577928088.320024
1577928204.474822
1577928610.165595
1577928723.230818
1577929633.286665
1577930265.881292
1577930555.238173
1577930668.226065
1577930712.704037
1577930742.207932
1577930915.850112
1577930984.069526
1577931222.837099
1577931298.108076
1577931413.677363
1577931562.464749
1577931761.906621
1577931866.845286
1577932495.955418
1577932863.674279
1577933236.254846
1577933248.713577
1577933276.434731
1577933395.448656
1577933438.875623
1577934247.851903
1577934340.385388
1577934481.340756
1577934681.173317
1577934747.004458
1577935509.817873
1577935896.419936
1577936313.288406
1577936319.038141
1577936341.004845
1577937954.314086
1577937955.391540
1577937956.035185
1577937956.847904
1577937957.144944
1577937957.414010
1577937957.496863
1577937957.500467
1577937957.504214
1577937957.961546
1577937962.398774
1577937994.934228
1577938143.775120
1577938305.896793
1577938427.480265
1577938773.380098
1577938802.269203
1577938802.682189
1577938836.624306
1577939094.690733
1577939189.120148
1577939338.726060
1577939387.042138
1577939759.187394
1577939836.034244
1577939845.433195
1577939887.298348
1577940043.769763
1577940201.994484
1577940239.739649
1577940323.713933
1577940564.263702
1577941042.875656
1577941106.555533
1577941366.893471
1577941374.990605
1577941648.605089
1577941747.753237
1577942256.969169
1577942387.150421
1577942559.483653
1577942932.488599
1577943248.381975
1577943279.886068
1577943298.519036
1577943430.737441
1577943841.777304
1577944577.093690
1577944637.717731
1577944790.904505
1577944887.616556
1577944899.069275
1577945024.070833
1577945781.767380
1577945803.383196
1577945840.185686
1577946022.133419
1577946894.016174
1577946946.699563
1577948756.764152
1577948756.772872
1577948757.350043
1577948759.530132
1577948761.762975
1577948762.003673
1577948892.862389
1577948932.319319
1577949044.105451
1577949574.018574
1577949800.809582
1577949923.998832
1577950367.377577
1577950555.095002
1577950685.729640
1577950709.313565
1577951432.066827
1577951558.976952
1577951574.719128
1577951601.452811
1577951843.050659
1577952303.390208
1577952402.596513
1577952673.996968
1577953498.859054
1577953528.414799
1577953984.222106
1577954493.605527
1577954821.258943
1577955025.965190
1577955455.757410
1577956412.204704
1577956890.018743
1577957140.602367
1577957607.322370
1577959558.509124
1577959558.534858
1577959558.929435
1577959558.970523
1577959559.009458
1577959560.378583
1577959561.788559
1577959566.756943
1577961423.451192
1577961868.033146
1577965009.753613
1577969353.944853
1577970362.189887
1577970631.940021
1577970690.214396
1577971243.120573
1577972363.229160
1577972519.164941
1577973202.795219
1577973777.134178
1577975142.144584
1577975467.089193
1577975890.506497
1577975990.906338
1577976621.788274
1577976799.322284
1577976933.305159
1577977121.499490
1577977366.529406
1577977483.380771
1577977520.933651
1577977626.469031
1577977681.134692
1577978018.451641
1577978215.147315
1577979084.844676
1577979388.635599
1577980006.903648
1577980072.367509
1577980433.377440
1577980987.441542
1577981159.133855
1577981159.151806
1577981159.320763
1577981159.432581
1577981159.433162
1577981159.439801
1577981159.440825
1577981159.545910
1577981159.595482
1577981161.370307
1577981162.424895
1577981168.552501
1577981338.066328
1577981342.639933
1577981660.581864
1577981995.118917
1577982145.098201
1577982206.232083
1577982260.973626
1577982679.144544
1577982696.500150
1577982740.411791
1577982851.557334
1577982972.622412
1577983011.814775
1577983206.765809
1577983249.593880
1577983294.984904
1577983552.588600
1577983564.393399
1577983583.932141
1577983617.876976
1577983777.631731
1577983846.819106
1577984040.203257
1577984137.447997
1577984626.590789
1577984634.935943
1577984727.710320
1577984939.440436
1577985324.771669
1577985409.458671
1577985446.341052
1577985651.751878
1577985731.678503
1577985806.589306
1577985965.362914
1577986157.809485
1577986351.609344
1577986392.237211
1577986779.116124
1577986784.625655
1577987035.017343
1577987162.804431
1577987328.961970
1577987426.843796
1577987528.024994
1577987651.848435
1577987659.173239
1577987672.326739
1577987761.694104
1577987822.973301
1577987843.710039
1577987891.869595
1577987954.933485
1577988027.339395
1577988476.130623
1577989203.617241
1577989777.288220
1577989967.603248
1577990225.974054
1577990255.998081
1577990434.593429
1577990511.095434
1577990892.537808
1577990946.076933
1577991959.094774
1577991960.537841
1577991960.686020
1577991961.305226
1577991961.496647
1577991962.188722
1577991962.193840
1577991962.227528
1577991962.229464
1577991968.508215
1577992098.968751
1577992372.089975
1577992573.949555
1577992645.265051
1577992671.366750
1577992746.412575
1577992926.615540
1577993003.951836
1577993213.995819
1577993218.333524
1577993303.287932
1577993304.354875
1577993304.744443
1577993883.296446
1577993953.656651
1577993989.943772
1577994121.880678
1577994126.537414
1577994287.420571
1577994311.464548
1577994429.589756
1577994463.717020
1577994539.638523
1577994645.961165
1577994757.898612
1577994810.622706
1577995023.326075
1577995156.318561
1577995164.762015
1577995359.737824
1577995364.071671
1577995411.079757
1577995599.811251
1577995668.650877
1577995670.045514
1577995956.205827
1577995981.367855
1577996108.083837
1577996229.559922
1577996536.115596
1577996614.697871
1577996669.111496
1577996694.453861
1577996885.934484
1577997013.831164
1577997286.079680
1577997763.243763
1577998464.285925
1577998750.724711
1577998780.177142
1577999339.413854
1577999428.658700
1577999578.876995
1577999585.943531
1577999698.119347
1578000350.724714
1578000508.176218
1578001516.364488
1578002145.822186
1578002758.015378
1578002758.693342
1578002759.116342
1578002759.118398
1578002759.123925
1578002759.582038
1578002759.594102
1578002759.630940
1578002759.735481
1578002812.204451
1578003032.541191
1578003082.236137
1578003112.148311
1578003192.536115
1578003294.765285
1578003528.819601
1578003716.890543
1578003731.405763
1578003946.438772
1578004077.621123
1578004172.549622
1578004252.640234
1578004492.894841
1578004549.399970
1578004591.101096
1578004600.204519
1578004767.534904
1578004906.955986
1578005212.532714
1578005511.896867
1578005601.019665
1578006940.972845
1578007153.777217
1578007441.802017
1578007638.727799
1578007995.836489
1578008140.355878
1578008338.378362
1578008532.412545
1578008609.968782
1578010058.404603
1578010080.042082
1578010172.136816
1578010361.016658
1578010890.303425
1578011119.400729
1578011128.629713
1578011484.234887
1578011612.339710
1578012704.668644
1578012994.715788
1578013555.796952
1578013558.126285
1578013558.130632
1578013559.640422
1578013561.008200
1578013561.525555
1578013572.364759
1578013789.196609
1578014014.950604
1578014055.870169
1578014100.584257
1578014136.200681
1578014369.102985
1578014388.398990
1578014602.206234
1578014649.986351
1578014680.906910
1578014903.603519
1578014990.160198
1578015009.652591
1578015044.759160
1578015045.813669
1578015275.199505
1578015427.262972
1578015644.608192
1578015737.168822
1578016106.020718
1578016166.066783
1578016174.640759
1578016235.349076
1578016339.382153
1578016411.732420
1578016432.904773
1578016570.074525
1578016606.535643
1578016764.530653
1578017144.340317
1578017304.629311
1578017375.183327
1578017378.462487
1578017454.176174
1578017964.538458
1578017987.311548
1578018075.105250
1578018374.338104
1578018470.745566
1578018563.578275
1578018898.718453
1578018928.134151
1578018935.661010
1578019165.841497
1578019300.014485
1578019343.676903
1578020232.510234
1578020264.447611
1578020359.109404
1578020425.716006
1578020864.529593
1578020882.506418
1578021238.426280
1578021389.212051
1578021642.635803
1578021961.768459
1578024350.689904
1578024350.697750
1578024351.109261
1578024352.686431
1578024353.280276
1578024353.335288
1578024353.354274
1578024353.372558
1578024353.383387
1578024354.080612
1578024354.813466
1578024354.902077
1578024355.753949
1578024489.144292
1578024816.128261
1578024825.306863
1578025374.845715
1578025702.631060
1578025723.270572
1578026146.197938
1578026254.763225
1578026605.253994
1578026997.265802
1578027147.829096
1578027214.112209
1578027385.007468
1578027444.622336
1578027471.309569
1578027666.887095
1578027787.225480
1578027807.475027
1578028149.755814
1578028720.765254
1578029061.286479
1578029211.684041
1578029258.554304
1578029683.920771
1578029742.663845
1578029895.243707
1578029959.085303
1578030025.592152
1578030201.830715
1578030889.993768
1578031003.675362
1578031076.173854
1578031306.996804
1578032122.707609
1578032125.458025
1578032167.666527
1578032183.058609
1578032451.425298
1578032469.911365
1578032991.363388
1578033150.796049
1578033201.323857
1578033202.270133
1578033249.893472
1578033852.415489
1578034040.933390
1578034628.134682
1578035153.868866
1578035153.869034
1578035157.009317
1578035157.069643
1578035157.115751
1578035157.163396
1578035157.243094
1578035157.577243
1578035157.863816
1578035158.162091
1578035376.177073
1578035459.447841
1578035792.306332
1578035912.826912
1578036796.699284
1578036899.764565
1578037299.713783
1578037938.001258
1578038034.178326
1578038226.037829
1578038239.670600
1578038363.871079
1578038528.744637
1578038983.688438
1578039143.179514
1578039542.037570
1578039682.125967
1578040268.287299
1578040937.562754
1578040983.518675
1578041766.641614
1578043359.420416
1578043962.565595
1578045951.942689
1578045954.253487
1578045955.182053
1578045955.255819
1578045956.512229
1578045963.334627
1578048175.935925
1578048291.224788
1578048943.410115
1578049384.001543
1578050158.919411
1578051452.274057
1578054298.986584
1578054528.967616
1578055731.054519
1578056755.726494
1578056761.896295
1578056776.977753
1578057121.307808
1578057444.038453
1578057528.284906
1578058479.551679
1578059214.249177
1578059880.488411
1578061559.023751
1578062307.119408
1578063569.253220
1578064837.908014
1578065715.707376
1578067556.787827
1578067559.066443
1578067559.162265
1578067559.166439
1578067646.751409
1578067772.636705
1578067892.097806
1578067943.614400
1578068087.328317
1578068156.212872
1578068164.819805
1578068216.702996
1578068248.016206
1578068264.970853
1578068645.396143
1578068721.979952
1578069174.711661
1578069302.346255
1578069413.215365
1578069579.180655
1578069735.209719
1578070556.527849
1578070630.303569
1578070669.415458
1578070763.395479
1578070909.008520
1578071004.043071
1578071101.304155
1578071167.978351
1578071300.290713
1578071510.750885
1578071616.130227
1578071852.318416
1578072106.933781
1578072194.989310
1578072260.798046
1578072899.258444
1578073126.502929
1578073157.703239
1578073506.408059
1578073845.388968
1578074187.869441
1578074188.915680
1578074417.893134
1578074467.941788
1578074479.543178
1578074643.418882
1578074737.963043
1578074993.673106
1578075139.809770
1578075584.679214
1578075683.972990
1578075939.647864
1578076259.834630
1578076492.822784
1578076578.674217
1578077590.083286
1578078361.349665
1578078362.948340
1578078363.168675
1578078363.218084
1578078363.557790
1578078363.582247
1578078363.598021
1578078363.675419
1578078363.931215
1578078364.235215
1578078367.006676
1578078528.419130
1578078554.453569
1578078660.086512
1578078744.064368
1578078895.182379
1578078996.177552
1578079288.701523
1578079340.766234
1578079379.725845
1578079391.472770
1578079491.425580
1578079619.368595
1578079814.077991
1578080046.220194
1578080158.127237
1578080226.921260
1578080249.740273
1578080301.772998
1578080302.164194
1578080429.188861
1578080588.346901
1578080675.243723
1578080705.514527
1578081282.521491
1578081854.981891
1578082340.757042
1578082344.297219
1578082633.273799
1578082883.989870
1578082912.565663
1578082922.439113
1578083304.368717
1578083485.332233
1578083520.175680
1578083580.999990
1578083783.995689
1578084320.297481
1578084582.832466
1578084691.505941
1578084733.866465
1578084912.678294
1578085270.104658
1578085423.148116
1578085890.462815
1578086032.505446
1578086041.574695
1578086274.919230
1578086700.759219
1578088040.757557
1578088346.023079
1578089165.358937
1578089165.400571
1578089166.077389
1578089166.930032
1578089166.937056
1578089166.943567
1578089166.953100
1578089166.957529
1578089166.962679
1578089167.065345
1578089167.227611
1578089241.045987
1578089330.481246
1578089338.146518
1578089454.545485
1578089520.486941
1578089525.377153
1578089825.539731
1578089837.180532
1578089908.956219
1578090003.545936
1578090011.449335
1578090103.025211
1578090184.446738
1578090303.969779
1578090400.369791
1578090676.407569
1578090827.686498
1578090890.815102
1578091003.420820
1578091332.100914
1578091341.486577
1578091353.463521
1578091528.090979
1578091873.102838
1578091976.327809
1578092083.659098
1578092112.858285
1578092143.620110
1578092520.552110
1578092603.448739
1578092674.059254
1578092981.651093
1578093124.525817
1578093298.733672
1578093480.826112
1578093481.303243
1578093777.523782
1578093801.455545
1578093833.963600
1578094201.242354
1578094377.796740
1578094507.405765
1578094515.851308
1578094909.061244
1578094910.535847
1578095036.932069
1578095087.607057
1578095238.653920
1578095259.510111
1578095321.814878
1578095570.653835
1578095667.659452
1578095742.942922
1578095878.701615
1578095893.245700
1578096136.364230
1578096272.146615
1578096301.120700
1578096414.662516
1578096629.362831
1578096866.030416
1578097071.701380
1578097152.981003
1578097247.733782
1578097434.863400
1578097692.119917
1578098107.746544
1578098112.297338
1578098683.329033
1578098912.219885
1578099964.231962
1578099964.413747
1578099965.016683
1578099965.061574
1578099965.063814
1578099965.510954
1578099965.724542
1578099966.130684
1578099966.136542
1578099966.137599
1578099966.147232
1578099966.264410
1578099966.692041
1578100215.402922
1578100270.839189
1578100366.166930
1578100573.134477
1578100706.292273
1578100737.239149
1578100780.502111
1578101078.459730
1578101095.070292
1578101173.269881
1578101248.280145
1578102404.425561
1578102560.099985
1578102662.074720
1578102681.521070
1578102757.878249
1578102840.077578
1578102871.716076
1578103111.615855
1578103696.807299
1578103832.436297
1578104137.262690
1578104140.262958
1578104476.837707
1578104592.313183
1578104845.681019
1578105167.970422
1578105363.581884
1578105374.923630
1578105775.909162
1578105899.256580
1578106131.784738
1578106363.286678
1578107194.636548
1578107200.825603
1578107467.382312
1578107494.768605
1578107675.181038
1578108158.495550
1578108237.362306
1578108730.488007
1578108807.618113
1578108929.060248
1578108986.862131
1578109922.290126
1578110761.825701
1578110764.207984
1578110765.632190
1578110774.426533
1578110929.953641
1578111028.337999
1578111493.954160
1578111503.437004
1578111676.877742
1578111704.016271
1578111746.772227
1578111767.304545
1578111947.700208
1578111982.703729
1578112109.215451
1578112504.487999
1578112743.844761
1578112827.091470
1578112978.326117
1578113266.152098
1578114089.670127
1578114393.997211
1578114463.681565
1578114900.464733
1578114914.557672
1578114944.126838
1578114970.407142
1578115444.139714
1578115517.123062
1578115626.461078
1578115689.627408
1578115875.930118
1578116170.900679
1578116391.722367
1578116489.640249
1578117575.122330
1578118349.789368
1578118457.545382
1578118738.371804
1578118757.845034
1578118801.819886
1578120335.800893
1578121564.974299
1578121564.993020
1578121564.998121
1578121565.254825
1578121566.055683
1578121715.636477
1578121816.295839
1578122293.489524
1578122334.189507
1578122557.013716
1578122716.975323
1578123299.930098
1578123679.208517
1578125495.727796
1578125625.614198
1578125786.333711
1578126163.540192
1578128038.526302
1578129500.728327
1578131045.070569
1578131414.506339
1578132365.130875
1578132366.198390
1578132366.202629
1578132366.289095
1578132366.291052
1578132367.567994
1578132975.879185
1578133379.609706
1578133916.377408
1578134084.212372
1578134129.596450
1578135008.518616
1578135068.936741
1578135129.784510
1578137482.271502
1578138600.965796
1578140036.174335
1578143157.684101
1578143158.249141
1578143158.249695
1578143158.993484
1578143168.765986
1578147094.523961
1578147269.596759
1578148537.933737
1578149076.904643
1578149104.229817
1578150367.506774
1578150624.147313
1578151403.463471
1578153959.956128
1578153960.015425
1578153960.561178
1578153960.594253
1578153960.619335
1578153960.623081
1578153960.625680
1578154253.996891
1578154574.840196
1578155749.652950
1578156817.411972
1578156928.884772
1578156932.039252
1578157651.090043
1578157670.177878
1578157691.138853
1578157738.993543
1578157865.442677
1578157901.650306
1578158486.809656
1578159444.227422
1578160179.029202
1578160738.272919
1578160993.779679
1578161290.390519
1578162015.895543
1578162392.149381
1578163090.758665
1578164402.521592
1578164760.642482
1578164760.955081
1578164760.968323
1578164760.975076
1578164760.981325
1578164761.019757
1578164761.058318
1578164761.584389
1578164805.195273
1578165183.400121
1578165819.189164
1578165971.141644
1578165975.831815
1578166228.286263
1578166383.713613
1578167348.458547
1578167442.987753
1578167489.550303
1578167893.596203
1578167975.681010
1578167976.602754
1578168051.168323
1578168269.340430
1578168358.658895
1578168480.859285
1578169018.015837
1578169373.793050
1578169765.452756
1578169859.215254
1578171166.466905
1578171384.622176
1578171910.901354
1578171986.135837
1578172452.523206
1578172595.870817
1578172597.306426
1578173096.364040
1578173483.262816
1578174227.013152
1578175557.100757
1578175560.076490
1578175560.093068
1578175560.095786
1578175560.141586
1578175560.203697
1578175560.235124
1578175560.248710
1578175560.258750
1578175562.198544
1578175565.040110
1578175621.527545
1578175706.273253
1578175810.830781
1578176047.930833
1578176430.951135
1578176684.440487
1578176685.288401
1578176959.732378
1578177095.345202
1578177107.189914
1578177270.962239
1578177617.036286
1578177752.719815
1578177811.115239
1578177919.463857
1578178355.737630
1578178558.503270
1578178703.385504
1578178937.012418
1578179065.486990
1578179985.521635
1578180019.081063
1578180305.512596
1578180831.128207
1578180885.580947
1578180931.804354
1578181349.132441
1578181594.243170
1578182353.554772
1578182615.321869
1578182650.489189
1578182727.377582
1578182823.181897
1578183444.068022
1578183546.413996
1578183855.366334
1578184129.943048
1578184387.346341
1578184846.766842
1578184967.721026
1578185061.896978
1578185089.918598
1578185679.180104
1578186356.362472
1578186357.596641
1578186358.521635
1578186358.676523
1578186358.697202
1578186358.730496
1578186358.758728
1578186358.884888
1578186359.397611
1578186368.220528
1578186413.608105
1578186714.538522
1578186927.124273
1578186987.228351
1578187013.300027
1578187064.103855
1578187081.818436
1578187190.335683
1578187237.119061
1578187289.327370
1578187580.991881
1578187931.888049
1578188082.595862
1578188401.893905
1578188481.196925
1578188693.444018
1578188713.466521
1578189028.424336
1578189485.330457
1578189497.122641
1578189778.479340
1578189854.503347
1578190004.840364
1578190153.664897
1578190338.430287
1578190374.528599
1578190408.785503
1578190694.891433
1578191036.400377
1578191095.371536
1578191139.939215
1578191514.447618
1578191552.705431
1578191582.275417
1578191885.373190
1578191906.236373
1578192339.450131
1578192369.731612
1578192388.664846
1578192746.855073
1578192866.741609
1578192973.829024
1578193022.804651
1578193350.574111
1578193495.244621
1578193505.671958
1578194045.036432
1578194246.472341
1578194374.770500
1578194701.150171
1578194882.032961
1578194962.113922
1578194988.632922
1578195050.242472
1578195879.246617
1578195907.580938
1578196934.689254
1578197152.456339
1578197152.805475
1578197152.805497
1578197152.805528
1578197152.806246
1578197152.830907
1578197153.532176
1578197153.540896
1578197153.686069
1578197154.176145
1578197154.667225
1578197154.694954
1578197154.700390
1578197154.719555
1578197154.723721
1578197154.724393
1578197154.757426
1578197154.854995
1578197155.611003
1578197155.955968
1578197157.139390
1578197158.048060
1578197178.006398
1578197179.557092
1578197274.432906
1578197275.547395
1578197301.845402
1578197319.857574
1578197394.110757
1578197467.670450
1578197617.565695
1578197714.292538
1578197720.841238
1578197924.534252
1578197982.090272
1578198441.300097
1578198839.384526
1578198874.795081
1578199165.301750
1578199346.583622
1578199378.687673
1578199535.186145
1578199543.154044
1578199595.915146
1578199725.289478
1578200161.129524
1578200518.934970
1578200578.778274
1578201285.567705
1578201600.677752
1578202075.307869
1578202117.525679
1578202131.158431
1578202194.452952
1578202941.259037
1578203069.065657
1578203420.494331
1578203806.921121
1578204225.689683
1578204415.567734
1578204595.558898
1578204681.245747
1578204841.430182
1578206293.136314
1578206550.161838
1578206664.220958
1578207958.959920
1578207959.782678
1578207960.050896
1578207960.051771
1578207960.531552
1578207960.755255
1578207965.147183
1578207969.352217
1578208282.287395
1578208561.653556
1578209057.228957
1578209154.477814
1578209234.761638
1578210039.598690
1578210615.652367
1578211051.466445
1578211423.895096
1578211759.404291
1578212384.864571
1578212456.276028
1578213488.068004
1578218761.914259
1578218763.011065
1578219330.343341
1578220747.211370
1578221819.355420
1578224848.625413
1578226663.624221
1578229553.244022
1578229554.208044
1578229554.211238
1578229554.324151
1578229792.758582
1578229862.658448
1578230717.464552
1578230982.841301
1578231030.633794
1578231248.259654
1578231267.447493
1578232149.254246
1578234757.818819
1578235287.575205
1578239143.390967
1578239195.717515
1578239427.180010
1578240355.430822
1578240355.659549
1578240357.352341
1578240357.886111
1578240357.889095
1578240360.540089
1578240428.744087
1578240843.142822
1578241446.785636
1578241723.180408
1578241948.086085
1578242187.758811
1578242240.359658
1578242512.708463
1578242625.882467
1578243124.633835
1578243187.304620
1578243210.580464
1578243491.087244
1578243851.976268
1578244017.689249
1578244231.442763
1578244698.863721
1578245047.826222
1578245110.399441
1578245325.744943
1578245641.234139
1578245696.068233
1578246225.860448
1578246775.628850
1578246978.983005
1578247191.862151
1578247685.593362
1578247706.691952
1578248126.146121
1578248782.529719
1578248904.386521
1578249210.290306
1578249322.997980
1578250575.947124
1578251157.345069
1578251159.019493
1578251159.443438
1578251159.588807
1578251159.603045
1578251159.606226
1578251159.645594
1578251159.708902
1578251159.725814
1578251159.733523
1578251159.734581
1578251159.847650
1578251160.292197
1578251161.874876
1578251356.345453
1578251675.140856
1578252039.396462
1578252620.515997
1578253010.262276
1578253545.762709
1578253979.131014
1578254098.384376
1578254145.874602
1578254190.139018
1578254340.900650
1578254523.402532
1578254555.707965
1578254577.067324
1578254637.298365
1578254730.401636
1578255100.795555
1578255182.948352
1578255311.265532
1578255553.877680
1578255775.474948
1578255870.498715
1578255958.427215
1578256130.723624
1578256283.250828
1578256401.680798
1578256424.865476
1578256444.581230
1578256484.261718
1578256717.963993
1578257138.390711
1578257292.370741
1578257642.813128
1578258325.828771
1578258403.294670
1578258702.348164
1578259180.055763
1578259401.329572
1578259533.403766
1578259547.902406
1578259561.381467
1578259734.347977
1578260339.949816
1578260376.982468
1578260477.427763
1578261958.344460
1578261958.609408
1578261958.953980
1578261959.155331
1578261959.213505
1578261959.402389
1578261959.577908
1578262179.808649
1578262410.324605
1578262781.605722
1578262800.726500
1578263448.657677
1578263697.756933
1578263865.728207
1578263916.634827
1578264547.296910
1578264674.040193
1578264895.608140
1578265449.633129
1578265514.540249
1578265523.176078
1578266172.379802
1578266193.957049
1578266498.922530
1578267339.043710
1578267584.218885
1578267629.260813
1578267847.364375
1578267848.054578
1578268221.277249
1578268612.755652
1578269298.026740
1578269646.691274
1578269868.165251
1578271702.496905
1578272757.263428
1578272758.865849
1578272759.208812
1578272759.502406
1578272759.640010
1578272759.672472
1578272759.675684
1578272759.685150
1578272759.709138
1578272760.063561
1578272763.677318
1578272766.859182
1578272786.249803
1578272800.934979
1578273307.072093
1578273393.110364
1578273501.636897
1578274011.920769
1578274250.924478
1578274750.970969
1578274764.075157
1578275048.268608
1578275468.127750
1578275549.961712
1578275688.690214
1578275738.755495
1578275819.021234
1578276126.399267
1578276934.416355
1578277317.378736
1578277461.408352
1578277550.484107
1578278261.310123
1578278386.639446
1578278842.884148
1578278999.009756
1578280284.052190
1578280705.418772
1578280824.483144
1578280864.722349
1578280995.723825
1578281041.494275
1578281875.708747
1578282654.470869
1578283558.319081
1578283558.419165
1578283560.015623
1578283560.612539
1578283560.636064
1578283560.666351
1578283560.673241
1578283560.713003
1578283560.717370
1578283560.798853
1578283561.489722
1578283562.223190
1578283654.535652
1578283687.320803
1578283797.993241
1578284015.821340
1578284021.394637
1578284069.822781
1578284241.599335
1578284453.690718
1578284705.847131
1578284859.301967
1578284905.053088
1578284932.854756
1578285426.114303
1578285660.997785
1578285994.193296
1578286206.690419
1578286219.209391
1578286705.031465
1578286897.211184
1578286917.851482
1578287133.514865
1578287479.032924
1578287897.489046
1578287912.362346
1578288194.878158
1578288435.051440
1578288544.648833
1578288553.235899
1578288663.224104
1578288967.595356
1578289137.933485
1578290033.060177
1578290349.578538
1578290429.406011
1578292048.634565
1578292384.319926
1578293070.745762
1578294359.441770
1578294359.523605
1578294359.698224
1578294359.699123
1578294359.707103
1578294360.190256
1578294361.256239
1578294363.057991
1578294531.810481
1578294675.041411
1578294942.419145
1578295005.699322
1578295608.106977
1578296258.224298
1578296353.858904
1578296420.893437
1578296766.417818
1578297092.992785
1578298347.719367
1578298667.692577
1578298848.105050
1578299867.757233
1578300464.849256
1578300655.919871
1578300674.041533
1578305159.132046
1578305159.168127
1578305159.177908
1578305159.190315
1578305159.204803
1578305159.668650
1578305188.046498
1578306817.916139
1578307865.064768
1578310450.065956
1578315461.693435
1578315608.850387
1578315958.194948
1578315958.209911
1578316073.269643
1578317069.666259
1578317871.862295
1578320663.524662
1578321263.424470
1578322850.106803
1578322970.718484
1578323040.826950
1578323076.454167
1578323147.264569
1578323401.642840
1578323511.068234
1578323614.410028
1578324397.598756
1578324977.759900
1578325421.888854
1578326011.590543
1578326760.381845
1578326760.983858
1578326762.865408
1578326763.148103
1578326763.504500
1578326765.618158
1578326767.108574
1578326944.741194
1578327138.196100
1578327159.478268
1578327343.622401
1578327469.085431
1578327506.876323
1578327616.791365
1578327682.183331
1578327845.504249
1578329317.932449
1578329414.547750
1578329417.745923
1578329525.335741
1578329663.841416
1578329705.476534
1578330121.206591
1578330493.149015
1578330582.453386
1578330609.778563
1578330745.610036
1578330991.026929
1578331070.970381
1578331110.669989
1578331133.642265
1578331228.258888
1578331390.900686
1578331443.323783
1578331566.023444
1578331746.028290
1578331847.728507
1578332137.296074
1578332243.883449
1578332582.864606
1578332803.236663
1578333228.829031
1578333517.959482
1578333740.872242
1578334170.851623
1578334287.626356
1578334341.721507
1578334459.065467
1578334477.095849
1578334922.371832
1578335016.392637
1578335069.105316
1578335220.747363
1578335325.043626
1578335622.027561
1578335783.359753
1578335905.812574
1578335996.207052
1578336463.304811
1578337563.918221
1578337563.951847
1578337563.970222
1578337563.992185
1578337563.995232
1578337564.398167
1578337564.525017
1578337564.605626
1578337564.619981
1578337564.620219
1578337564.924570
1578337564.951791
1578337565.412542
1578337567.396941
1578337568.352509
1578337595.111367
1578337633.640136
1578337900.691786
1578338142.235744
1578338514.628020
1578338613.569018
1578338660.906299
1578338841.791725
1578338890.649205
1578339000.651070
1578339010.489229
1578339156.860584
1578339539.686139
1578339542.161965
1578339764.328920
1578339800.927471
1578339840.499836
1578339883.394276
1578340124.045141
1578340228.435888
1578340279.868277
1578340471.890507
1578340545.968306
1578340609.788006
1578341156.562452
1578341178.005081
1578342425.134073
1578342503.766984
1578342687.786431
1578342960.449443
1578343022.793485
1578343163.873877
1578343998.026330
1578344105.857367
1578345314.166371
1578345803.292284
1578346267.400783
1578346966.934084
1578347484.256770
1578347694.468244
1578347756.414013
1578348362.879839
1578348363.717161
1578348364.149658
1578348364.377284
1578348364.453115
1578348364.464807
1578348364.530787
1578348364.545843
1578348364.578327
1578348364.698446
1578348364.938373
1578348365.175787
1578348373.628471
1578348689.023257
1578349164.946313
1578349344.964052
1578349374.537554
1578349478.513450
1578349706.847270
1578349815.803211
1578349953.309321
1578350077.868698
1578350214.151563
1578350288.523850
1578350396.240925
1578350674.131933
1578350947.850499
1578351003.261124
1578351136.819353
1578351503.367250
1578351873.395375
1578352312.989326
1578352354.858216
1578352678.260108
1578353029.897608
1578353070.700874
1578353166.369771
1578353173.281940
1578353273.166574
1578353495.165011
1578353598.544032
1578353641.007722
1578353652.829990
1578353970.307778
1578354052.877038
1578354067.292073
1578354356.263900
1578354690.914720
1578355133.351791
1578355186.085863
1578355201.084919
1578355603.022978
1578355707.269437
1578355724.861398
1578355978.676030
1578356410.672489
1578356504.843069
1578356509.367492
1578356807.899001
1578356864.108629
1578357048.324183
1578357175.617799
1578357181.410560
1578357514.817179
1578358620.506200
1578359160.130128
1578359160.137933
1578359161.715430
1578359162.243107
1578359163.090949
1578359163.120739
1578359163.141412
1578359163.180256
1578359163.205344
1578359163.212931
1578359163.466384
1578359163.536597
1578359163.557140
1578359163.562817
1578359163.810050
1578359164.309074
1578359181.275487
1578359272.384478
1578359392.852430
1578359484.800191
1578359487.953972
1578359522.976585
1578359597.775673
1578359753.950761
1578359788.183977
1578359819.666857
1578359853.972856
1578359909.467493
1578360195.799590
1578360609.790845
1578360642.502154
1578360757.302015
1578360767.435381
1578360864.215184
1578360980.170028
1578361020.073574
1578361134.767206
1578361193.707691
1578361226.098336
1578361240.867498
1578361371.073307
1578361455.924221
1578361926.569912
1578362247.742024
1578362423.414113
1578362737.932379
1578362779.675306
1578363178.573745
1578363404.602066
1578363541.203620
1578363639.702758
1578363699.838043
1578364049.870958
1578364109.924844
1578364240.827609
1578364734.583626
1578364765.822698
1578365505.964596
1578365595.087346
1578365754.706034
1578366040.503419
1578366233.883525
1578366371.468488
1578366439.910851
1578366466.201911
1578366507.096858
1578366631.351668
1578366746.285243
1578366934.313757
1578367078.434755
1578367156.032904
1578367248.209508
1578367726.763570
1578367754.836416
1578367931.579056
1578368202.360199
1578368259.836470
1578368852.049886
1578369061.672176
1578369953.635556
1578369954.125877
1578369954.176138
1578369956.315638
1578369956.375842
1578369956.385078
1578369956.399362
1578369956.441816
1578369956.510431
1578369956.513526
1578369956.516729
1578369956.517455
1578369956.551381
1578369956.575842
1578369956.707417
1578369956.728751
1578369957.182370
1578369957.562215
1578369959.019063
1578369960.089782
1578369960.091510
1578370226.340187
1578370481.540276
1578370481.675956
1578370921.580819
1578371172.600528
1578371240.430152
1578371370.142299
1578371378.137037
1578372067.459582
1578372311.033222
1578372410.147245
1578372531.017962
1578372754.844752
1578372831.524235
1578372980.434526
1578373087.421990
1578373179.713990
1578373268.844760
1578373512.240231
1578373769.610780
1578373790.795600
1578373802.924210
1578373803.483647
1578373825.670159
1578374097.236538
1578374173.723329
1578374246.090110
1578374448.792547
1578374747.849524
1578375313.768251
1578375376.610896
1578375399.598531
1578375837.013402
1578375997.767837
1578376442.101931
1578376778.918530
1578376808.566659
1578376894.129737
1578377618.577849
1578377665.460920
1578377918.159080
1578377979.056869
1578378129.931024
1578378133.625323
1578378192.512564
1578378366.770892
1578378700.628433
1578378744.550280
1578378763.256415
1578380758.589895
1578380760.886378
1578380761.221673
1578380761.361848
1578380761.429492
1578380761.451915
1578380761.453719
1578380761.489046
1578380762.564234
1578380940.316570
1578381025.753838
1578381456.677164
1578381487.773498
1578381495.501680
1578381642.799143
1578381712.596887
1578381783.234084
1578382286.899521
1578382516.148274
1578382725.236912
1578382965.408136
1578383502.386974
1578384389.390742
1578385655.065196
1578385816.598024
1578386325.699061
1578386468.856738
1578388038.931814
1578388326.180352
1578388763.187575
1578389044.824118
1578390548.552841
1578391560.265349
1578391560.476076
1578391563.368524
1578391568.227835
1578391590.861441
1578391759.483689
1578391870.756218
1578391943.056415
1578392008.329314
1578392228.695905
1578392406.208798
1578392693.301723
1578393508.823526
1578397159.589521
1578397164.251432
1578398102.897210
1578402317.859995
1578402359.276254
1578402359.576692
1578402359.692241
1578402359.701816
1578402359.858578
1578402360.059050
1578402360.577701
1578402372.011014
1578404521.741022
1578404666.282374
1578405516.464529
1578405583.268602
1578405781.605033
1578405831.833190
1578406197.250446
1578406429.460793
1578407255.993943
1578407576.423238
1578407806.512742
1578407808.955005
1578408645.974687
1578408658.464968
1578408800.569603
1578409344.406722
1578409694.126364
1578410228.074687
1578411753.615342
1578412940.312143
1578413159.161236
1578413159.276800
1578413159.282872
1578413159.311628
1578413159.369106
1578413159.383521
1578413159.384152
1578413326.000110
1578413419.528167
1578413426.797087
1578413516.227480
1578413566.726870
1578413577.944786
1578413577.951962
1578413717.476581
1578413912.385209
1578413963.828535
1578414046.309151
1578414066.693221
1578414084.470443
1578414086.889649
1578414184.265005
1578414393.736224
1578414864.332156
1578414966.158953
1578415041.302033
1578415055.552675
1578415115.887979
1578415335.098007
1578415586.074122
1578415789.601432
1578415834.321559
1578416108.277581
1578416636.632360
1578416700.990052
1578416746.509171
1578416860.633930
1578416894.738005
1578417036.543915
1578417066.127982
1578417126.741619
1578417326.298834
1578417339.562498
1578417379.887056
1578417390.800235
1578417604.831306
1578417803.534426
1578417993.335818
1578418081.935530
1578418286.146588
1578418370.953150
1578418759.176644
1578418990.274722
1578419028.874855
1578419249.094364
1578419293.922227
1578420046.042275
1578420054.602197
1578420351.362034
1578420383.628605
1578420389.596229
1578420440.296779
1578420708.987990
1578421017.904371
1578421076.965960
1578421082.863302
1578421718.908679
1578421782.603693
1578422335.717016
1578422427.686511
1578423961.679803
1578423961.971109
1578423964.294392
1578423964.358322
1578423964.454343
1578423964.517494
1578423964.573093
1578424121.914908
1578424308.228181
1578424510.798719
1578424926.609983
1578425299.229816
1578425501.267708
1578426050.531853
1578426240.650003
1578426929.532160
1578426943.257144
