8
4
3
5
2
5
6
2
3
4
3
36
4
4
4
5
2
10
4
2
3
3
34
7
2
3
3
6
9
11
5
11
4
4
2
3
22
4
7
5
6
4
3
3
4
9
7
5
8
2
3
3
3
6
4
8
4
14
3
3
2
8
7
5
31
22
6
5
9
3
4
4
7
3
5
13
4
4
3
3
2
3
5
4
6
4
5
13
2
8
4
4
9
38
3
1
10
2
3
2
4
2
14
35
4
8
4
13
15
4
6
5
5
29
2
2
6
2
4
4
4
3
9
4
3
5
12
3
2
2
25
3
5
3
3
3
15
5
3
3
3
2
3
8
3
1
5
15
3
2
4
3
4
3
4
2
5
19
2
3
2
2
2
3
8
4
4
3
2
3
24
7
6
2
3
11
5
5
3
3
11
5
4
7
3
4
3
9
3
3
3
4
2
2
4
2
2
32
13
4
4
6
5
7
16
3
6
3
1
3
4
3
3
4
5
2
14
24
3
4
5
5
8
3
5
7
3
3
4
3
3
2
4
7
3
8
5
3
2
2
6
2
11
16
7
5
3
3
3
5
5
2
3
7
3
3
3
4
24
9
4
4
11
5
2
6
4
18
2
3
4
2
4
4
3
2
4
12
4
3
6
7
4
2
3
3
2
3
2
3
10
3
9
8
4
4
8
4
12
6
6
5
4
6
3
7
9
4
3
3
8
10
4
3
6
3
4
2
7
4
6
8
3
5
3
5
3
8
8
6
5
3
6
3
3
22
3
3
5
2
24
2
5
10
4
3
2
3
3
5
5
3
5
3
3
36
6
5
7
5
3
5
12
22
3
5
4
3
5
6
12
3
4
8
8
6
6
4
3
13
6
2
8
3
6
4
3
5
4
12
15
18
2
3
11
5
9
10
3
6
4
22
12
10
3
5
9
2
9
4
6
8
11
3
5
4
4
5
3
3
2
7
3
7
2
13
4
11
4
4
6
3
5
3
3
17
4
22
4
4
8
3
6
5
26
6
3
4
4
3
4
4
4
3
4
3
3
5
2
3
2
6
5
4
8
4
5
3
5
24
3
27
3
6
3
8
8
18
4
7
3
12
5
8
5
3
3
3
8
8
8
4
5
5
3
4
4
3
4
5
4
10
5
3
4
3
4
3
5
4
3
9
14
5
7
5
4
6
9
12
11
20
3
9
4
9
4
3
8
4
8
2
6
5
9
4
6
4
5
3
7
3
5
5
3
7
13
7
24
7
17
9
7
8
9
45
11
9
10
10
16
20
17
38
25
19
20
21
20
18
19
18
18
20
32
20
20
23
23
21
54
30
20
25
24
24
22
38
20
21
23
22
24
24
25
28
30
27
27
30
48
27
28
31
33
32
31
44
29
32
29
34
30
29
30
38
31
34
31
34
31
32
33
37
34
34
34
37
37
37
41
40
39
40
38
38
44
42
43
45
64
48
43
42
41
72
42
45
40
55
41
52
46
44
45
42
41
42
46
43
45
46
44
45
44
47
46
46
45
92
46
49
46
65
46
49
57
48
49
52
47
54
51
52
54
53
58
61
58
58
57
59
59
57
60
61
59
64
59
58
59
63
61
60
63
62
80
62
61
66
65
61
59
67
63
62
62
61
62
61
64
86
65
64
65
66
65
64
66
116
64
69
66
68
66
67
66
117
66
64
67
70
68
67
67
69
69
66
67
67
67
67
66
83
66
69
68
68
68
67
68
69
70
72
73
70
70
70
68
78
74
8
4
3
3
10
4
1
4
14
3
7
5
2
17
5
3
4
2
3
4
7
3
8
2
3
10
4
1
2
5
4
4
2
3
4
4
35
7
3
4
8
4
3
7
2
2
3
3
9
14
7
3
6
20
2
2
27
4
2
9
6
5
3
5
7
9
2
2
4
2
2
6
4
3
3
4
12
3
8
7
5
3
3
8
3
3
3
3
2
6
10
5
9
6
3
2
8
11
4
4
5
3
2
10
22
5
5
4
2
5
3
9
26
2
2
4
2
3
2
4
7
6
19
6
4
2
3
4
3
15
3
4
7
6
2
4
16
6
2
2
4
2
9
3
7
5
2
3
3
5
3
10
3
3
3
120
7
1
8
3
24
7
3
7
4
3
3
3
3
7
10
3
16
4
2
2
9
4
3
5
3
15
3
3
4
7
7
3
2
6
4
12
3
3
3
5
3
4
3
8
5
2
2
7
4
2
5
4
4
2
3
5
30
3
7
5
3
3
4
2
6
3
16
6
4
5
3
6
7
2
5
6
4
3
5
3
3
2
2
3
3
3
2
2
3
5
6
4
4
4
3
7
2
5
3
2
3
4
3
2
19
2
3
5
3
3
9
2
3
3
3
4
4
3
3
4
2
6
3
8
17
3
6
8
5
4
6
2
6
5
3
3
3
6
3
4
9
2
3
4
18
2
3
14
5
3
3
7
2
2
7
5
3
3
2
4
5
3
4
4
9
4
2
3
8
3
4
3
5
2
10
47
4
5
2
8
15
4
7
6
3
4
16
2
5
8
30
19
3
3
11
4
4
11
3
4
11
4
9
8
8
4
7
30
12
4
7
9
3
3
3
1
13
3
3
12
2
4
3
6
3
6
9
3
5
7
2
2
2
2
2
4
4
2
7
2
3
8
4
2
6
8
4
2
7
2
3
3
27
4
4
4
3
17
9
3
4
2
2
2
17
2
5
3
4
4
6
2
6
3
3
3
5
3
8
3
3
3
4
6
7
13
9
5
15
7
4
2
16
3
3
3
2
8
4
22
4
3
5
3
2
2
3
21
3
4
3
5
3
6
2
5
5
3
3
4
13
3
2
2
3
27
11
5
17
4
4
17
11
7
3
5
36
3
3
5
6
3
4
2
2
